0.000000
01111111111111
0.031411
01111101110100
0.062791
01111011101000
0.094108
01111001011101
0.125333
01110111010010
0.156434
01110101000111
0.187381
01110010111101
0.218143
01110000110100
0.248690
01101110101100
0.278991
01101100100110
0.309017
01101010100000
0.338738
01101000011100
0.368125
01100110011001
0.397148
01100100011000
0.425779
01100010011000
0.453990
01100000011011
0.481754
01011110011111
0.509041
01011100100101
0.535827
01011010101110
0.562083
01011000111001
0.587785
01010111000111
0.612907
01010101010111
0.637424
01010011101010
0.661312
01010010000000
0.684547
01010000011000
0.707107
01001110110100
0.728969
01001101010010
0.750111
01001011110100
0.770513
01001010011001
0.790155
01001001000010
0.809017
01000111101110
0.827081
01000110011110
0.844328
01000101010001
0.860742
01000100001000
0.876307
01000011000011
0.891007
01000010000001
0.904827
01000001000100
0.917755
01000000001010
0.929776
00111111010100
0.940881
00111110100011
0.951057
00111101110110
0.960294
00111101001101
0.968583
00111100101000
0.975917
00111100000111
0.982287
00111011101011
0.987688
00111011010011
0.992115
00111010111111
0.995562
00111010110000
0.998027
00111010100101
0.999507
00111010011110
1.000000
00111010011100
0.999507
00111010011110
0.998027
00111010100101
0.995562
00111010110000
0.992115
00111010111111
0.987688
00111011010011
0.982287
00111011101011
0.975917
00111100000111
0.968583
00111100101000
0.960294
00111101001101
0.951057
00111101110110
0.940881
00111110100011
0.929776
00111111010100
0.917755
01000000001010
0.904827
01000001000100
0.891007
01000010000001
0.876307
01000011000011
0.860742
01000100001000
0.844328
01000101010001
0.827081
01000110011110
0.809017
01000111101110
0.790155
01001001000010
0.770513
01001010011001
0.750111
01001011110100
0.728969
01001101010010
0.707107
01001110110100
0.684547
01010000011000
0.661312
01010010000000
0.637424
01010011101010
0.612907
01010101010111
0.587785
01010111000111
0.562083
01011000111001
0.535827
01011010101110
0.509041
01011100100101
0.481754
01011110011111
0.453990
01100000011011
0.425779
01100010011000
0.397148
01100100011000
0.368125
01100110011001
0.338738
01101000011100
0.309017
01101010100000
0.278991
01101100100110
0.248690
01101110101100
0.218143
01110000110100
0.187381
01110010111101
0.156434
01110101000111
0.125333
01110111010010
0.094108
01111001011101
0.062791
01111011101000
0.031411
01111101110100
0.000000
01111111111111
-0.031411
10000010001010
-0.062791
10000100010110
-0.094108
10000110100001
-0.125333
10001000101101
-0.156434
10001010110111
-0.187381
10001101000001
-0.218143
10001111001010
-0.248690
10010001010010
-0.278991
10010011011001
-0.309017
10010101011110
-0.338738
10010111100011
-0.368125
10011001100101
-0.397148
10011011100111
-0.425779
10011101100110
-0.453990
10011111100100
-0.481754
10100001011111
-0.509041
10100011011001
-0.535827
10100101010000
-0.562083
10100111000101
-0.587785
10101000110111
-0.612907
10101010100111
-0.637424
10101100010100
-0.661312
10101101111111
-0.684547
10101111100110
-0.707107
10110001001011
-0.728969
10110010101100
-0.750111
10110100001010
-0.770513
10110101100101
-0.790155
10110110111100
-0.809017
10111000010000
-0.827081
10111001100001
-0.844328
10111010101110
-0.860742
10111011110111
-0.876307
10111100111100
-0.891007
10111101111101
-0.904827
10111110111011
-0.917755
10111111110101
-0.929776
11000000101010
-0.940881
11000001011011
-0.951057
11000010001001
-0.960294
11000010110010
-0.968583
11000011010111
-0.975917
11000011110111
-0.982287
11000100010100
-0.987688
11000100101100
-0.992115
11000101000000
-0.995562
11000101001111
-0.998027
11000101011010
-0.999507
11000101100000
-1.000000
11000101100011
-0.999507
11000101100000
-0.998027
11000101011010
-0.995562
11000101001111
-0.992115
11000101000000
-0.987688
11000100101100
-0.982287
11000100010100
-0.975917
11000011110111
-0.968583
11000011010111
-0.960294
11000010110010
-0.951057
11000010001001
-0.940881
11000001011011
-0.929776
11000000101010
-0.917755
10111111110101
-0.904827
10111110111011
-0.891007
10111101111101
-0.876307
10111100111100
-0.860742
10111011110111
-0.844328
10111010101110
-0.827081
10111001100001
-0.809017
10111000010000
-0.790155
10110110111100
-0.770513
10110101100101
-0.750111
10110100001010
-0.728969
10110010101100
-0.707107
10110001001011
-0.684547
10101111100110
-0.661312
10101101111111
-0.637424
10101100010100
-0.612907
10101010100111
-0.587785
10101000110111
-0.562083
10100111000101
-0.535827
10100101010000
-0.509041
10100011011001
-0.481754
10100001011111
-0.453990
10011111100100
-0.425779
10011101100110
-0.397148
10011011100111
-0.368125
10011001100101
-0.338738
10010111100011
-0.309017
10010101011110
-0.278991
10010011011001
-0.248690
10010001010010
-0.218143
10001111001010
-0.187381
10001101000001
-0.156434
10001010110111
-0.125333
10001000101101
-0.094108
10000110100001
-0.062791
10000100010110
-0.031411
10000010001010
-0.000000
01111111111111
